0 0.6394230769230769 0.21875 0.05889423076923077 0.10817307692307693
0 0.4266826923076923 0.33413461538461536 0.06610576923076923 0.11057692307692307
0 0.3088942307692308 0.3389423076923077 0.07211538461538461 0.10096153846153846
0 0.8569711538461539 0.41586538461538464 0.10576923076923077 0.1622596153846154
0 0.5685096153846154 0.4182692307692308 0.10576923076923077 0.18389423076923078
0 0.24278846153846154 0.484375 0.09375 0.16105769230769232
0 0.4014423076923077 0.5444711538461539 0.1045673076923077 0.1875
0 0.15144230769230768 0.7043269230769231 0.1310096153846154 0.2283653846153846
0 0.6262019230769231 0.8533653846153846 0.14543269230769232 0.2800480769230769
0 0.6550480769230769 0.11177884615384616 0.04326923076923077 0.05048076923076923
0 0.36538461538461536 0.16346153846153846 0.046875 0.07932692307692307
0 0.7175480769230769 0.19230769230769232 0.0625 0.08653846153846154
0 0.4423076923076923 0.20552884615384615 0.06129807692307692 0.1201923076923077
0 0.5264423076923077 0.16826923076923078 0.04447115384615385 0.07572115384615384
2 0.7079326923076923 0.41346153846153844 0.14302884615384615 0.21634615384615385
0 0.7824519230769231 0.27403846153846156 0.07211538461538461 0.11177884615384616
0 0.3557692307692308 0.9314903846153846 0.15865384615384615 0.13701923076923078
0 0.3269230769230769 0.2644230769230769 0.0625 0.08173076923076923
0 0.5805288461538461 0.09134615384615384 0.04927884615384615 0.06610576923076923
0 0.5216346153846154 0.10817307692307693 0.046875 0.06490384615384616
0 0.4050480769230769 0.06370192307692307 0.028846153846153848 0.06009615384615385
0 0.6298076923076923 0.078125 0.036057692307692304 0.04807692307692308
0 0.5925480769230769 0.1778846153846154 0.020432692307692308 0.08774038461538461
0 0.5216346153846154 0.16466346153846154 0.055288461538461536 0.07572115384615384