0 0.17668269230769232 0.6694711538461539 0.35336538461538464 0.27283653846153844
0 0.46153846153846156 0.5973557692307693 0.1971153846153846 0.17908653846153846
0 0.28725961538461536 0.41225961538461536 0.13701923076923078 0.0889423076923077
0 0.8413461538461539 0.3076923076923077 0.03125 0.04567307692307692
0 0.8569711538461539 0.3954326923076923 0.0733173076923077 0.057692307692307696
0 0.8725961538461539 0.33653846153846156 0.046875 0.056490384615384616
0 0.7115384615384616 0.23918269230769232 0.040865384615384616 0.038461538461538464
0 0.7668269230769231 0.27163461538461536 0.03245192307692308 0.051682692307692304
3 0.5060096153846154 0.3425480769230769 0.2548076923076923 0.203125
3 0.7259615384615384 0.34975961538461536 0.20192307692307693 0.125
3 0.7175480769230769 0.4483173076923077 0.5336538461538461 0.19591346153846154