0 0.21754807692307693 0.7439903846153846 0.16947115384615385 0.28725961538461536
0 0.14783653846153846 0.4639423076923077 0.09615384615384616 0.12740384615384615
0 0.4807692307692308 0.7668269230769231 0.14302884615384615 0.19110576923076922
0 0.08413461538461539 0.7680288461538461 0.1141826923076923 0.2247596153846154
0 0.26802884615384615 0.4831730769230769 0.08052884615384616 0.14423076923076922
0 0.20793269230769232 0.20432692307692307 0.06129807692307692 0.08173076923076923
1 0.5709134615384616 0.7692307692307693 0.078125 0.29927884615384615
1 0.3762019230769231 0.7584134615384616 0.06370192307692307 0.23557692307692307
1 0.6346153846153846 0.7704326923076923 0.06370192307692307 0.25841346153846156
1 0.4423076923076923 0.3870192307692308 0.03365384615384615 0.12259615384615384
1 0.3581730769230769 0.27403846153846156 0.03125 0.09975961538461539
1 0.39783653846153844 0.34134615384615385 0.026442307692307692 0.1141826923076923
6 0.9519230769230769 0.7512019230769231 0.08653846153846154 0.16706730769230768
6 0.8533653846153846 0.7283653846153846 0.08052884615384616 0.16105769230769232
6 0.734375 0.7319711538461539 0.07572115384615384 0.15144230769230768
6 0.3137019230769231 0.6875 0.07572115384615384 0.18389423076923078
6 0.33052884615384615 0.3870192307692308 0.06610576923076923 0.11778846153846154
6 0.28846153846153844 0.34134615384615385 0.038461538461538464 0.10576923076923077
6 0.23317307692307693 0.36177884615384615 0.052884615384615384 0.10697115384615384
6 0.27884615384615385 0.1935096153846154 0.039663461538461536 0.08533653846153846
6 0.6947115384615384 0.5504807692307693 0.038461538461538464 0.08533653846153846
1 0.7884615384615384 0.6262019230769231 0.019230769230769232 0.06610576923076923
0 0.1141826923076923 0.6189903846153846 0.10817307692307693 0.09735576923076923
0 0.17668269230769232 0.3894230769230769 0.0889423076923077 0.10336538461538461
0 0.14903846153846154 0.3389423076923077 0.078125 0.08173076923076923
1 0.4795673076923077 0.6129807692307693 0.036057692307692304 0.09615384615384616
1 0.4338942307692308 0.6177884615384616 0.040865384615384616 0.07451923076923077
1 0.40384615384615385 0.21033653846153846 0.027644230769230768 0.06370192307692307