1 0.13701923076923078 0.8233173076923077 0.16346153846153846 0.35336538461538464
1 0.24519230769230768 0.8088942307692307 0.16466346153846154 0.38100961538461536
1 0.36899038461538464 0.7776442307692307 0.15865384615384615 0.4074519230769231
1 0.4362980769230769 0.7247596153846154 0.12740384615384615 0.3389423076923077
1 0.5192307692307693 0.7139423076923077 0.10817307692307693 0.32211538461538464
1 0.5925480769230769 0.6911057692307693 0.10817307692307693 0.3076923076923077
1 0.6598557692307693 0.6622596153846154 0.11899038461538461 0.2439903846153846
1 0.7139423076923077 0.6454326923076923 0.11298076923076923 0.23918269230769232
1 0.78125 0.6394230769230769 0.10697115384615384 0.21153846153846154
1 0.8497596153846154 0.6045673076923077 0.0829326923076923 0.20072115384615385
1 0.9290865384615384 0.6117788461538461 0.09735576923076923 0.16826923076923078