0 0.1502403846153846 0.7980769230769231 0.13581730769230768 0.23798076923076922
0 0.21754807692307693 0.6658653846153846 0.109375 0.1502403846153846
0 0.3858173076923077 0.7391826923076923 0.13581730769230768 0.21514423076923078
0 0.17307692307692307 0.5540865384615384 0.09375 0.1502403846153846
0 0.5600961538461539 0.7115384615384616 0.1201923076923077 0.16466346153846154
0 0.6201923076923077 0.890625 0.15745192307692307 0.21153846153846154
0 0.48197115384615385 0.6129807692307693 0.08653846153846154 0.1201923076923077
0 0.8112980769230769 0.8641826923076923 0.16105769230769232 0.24158653846153846
0 0.7319711538461539 0.7259615384615384 0.1141826923076923 0.16466346153846154
0 0.33653846153846156 0.5552884615384616 0.08052884615384616 0.11778846153846154
1 0.7512019230769231 0.5865384615384616 0.03485576923076923 0.12620192307692307
1 0.8149038461538461 0.5805288461538461 0.040865384615384616 0.13221153846153846
1 0.6995192307692307 0.5252403846153846 0.028846153846153848 0.1141826923076923
1 0.9543269230769231 0.6826923076923077 0.040865384615384616 0.140625
1 0.6177884615384616 0.3894230769230769 0.02403846153846154 0.08533653846153846
1 0.65625 0.41225961538461536 0.025240384615384616 0.08774038461538461
0 0.4050480769230769 0.9387019230769231 0.17307692307692307 0.12139423076923077
0 0.4411057692307692 0.421875 0.07692307692307693 0.07692307692307693
0 0.34615384615384615 0.47596153846153844 0.07932692307692307 0.046875
0 0.22355769230769232 0.46033653846153844 0.055288461538461536 0.10096153846153846
0 0.4723557692307692 0.5300480769230769 0.10336538461538461 0.06850961538461539
0 0.5841346153846154 0.4891826923076923 0.07091346153846154 0.09014423076923077
1 0.6454326923076923 0.49278846153846156 0.021634615384615384 0.06129807692307692
0 0.31490384615384615 0.40625 0.07692307692307693 0.06971153846153846