4 0.2548076923076923 0.6490384615384616 0.3629807692307692 0.3786057692307692
4 0.5865384615384616 0.7536057692307693 0.3245192307692308 0.43509615384615385
4 0.7632211538461539 0.8461538461538461 0.22596153846153846 0.30649038461538464
4 0.030048076923076924 0.578125 0.06009615384615385 0.26802884615384615
4 0.1466346153846154 0.46033653846153844 0.2439903846153846 0.23798076923076922
4 0.43509615384615385 0.4807692307692308 0.28365384615384615 0.23798076923076922
4 0.7427884615384616 0.5192307692307693 0.23317307692307693 0.2644230769230769
4 0.9254807692307693 0.4567307692307692 0.13221153846153846 0.25841346153846156
4 0.8473557692307693 0.3641826923076923 0.08173076923076923 0.13221153846153846
4 0.04567307692307692 0.265625 0.09014423076923077 0.15865384615384615
4 0.16706730769230768 0.24759615384615385 0.1502403846153846 0.14182692307692307
4 0.33774038461538464 0.23557692307692307 0.15625 0.14182692307692307
4 0.5108173076923077 0.2403846153846154 0.15865384615384615 0.13341346153846154
4 0.6814903846153846 0.25600961538461536 0.13942307692307693 0.14543269230769232
4 0.7956730769230769 0.27403846153846156 0.07932692307692307 0.140625
4 0.8798076923076923 0.23798076923076922 0.15865384615384615 0.13221153846153846
4 0.9795673076923077 0.26322115384615385 0.039663461538461536 0.15144230769230768