0 0.3269230769230769 0.8161057692307693 0.04567307692307692 0.09975961538461539
0 0.44471153846153844 0.7704326923076923 0.04567307692307692 0.0625
0 0.3557692307692308 0.7391826923076923 0.04567307692307692 0.08774038461538461
0 0.40625 0.7067307692307693 0.03245192307692308 0.06370192307692307
0 0.4639423076923077 0.6995192307692307 0.03245192307692308 0.06610576923076923
0 0.38461538461538464 0.6430288461538461 0.026442307692307692 0.04927884615384615
0 0.42788461538461536 0.6262019230769231 0.02403846153846154 0.051682692307692304
0 0.5012019230769231 0.5913461538461539 0.019230769230769232 0.04567307692307692
1 0.5516826923076923 0.7524038461538461 0.021634615384615384 0.055288461538461536
1 0.5 0.6694711538461539 0.014423076923076924 0.03125
0 0.46033653846153844 0.6177884615384616 0.030048076923076924 0.052884615384615384
0 0.4170673076923077 0.5769230769230769 0.026442307692307692 0.037259615384615384
0 0.47115384615384615 0.5733173076923077 0.020432692307692308 0.03365384615384615
0 0.5288461538461539 0.5769230769230769 0.019230769230769232 0.03365384615384615
0 0.3401442307692308 0.5637019230769231 0.02283653846153846 0.03365384615384615
3 0.28846153846153844 0.5492788461538461 0.03485576923076923 0.051682692307692304
1 0.1971153846153846 0.7103365384615384 0.014423076923076924 0.036057692307692304